0 1 2 3 4 5 6 7 13 21
0 1 2 3 4 5 7 16 26 42
0 1 2 16 19 21 29 33 36 42
0 1 2 16 19 25 30 33 37 42
0 1 2 16 19 25 33 36 38 42
0 1 3 4 6 7 14 24 32 40
0 1 3 4 17 23 29 30 33 38
0 1 3 5 9 12 29 32 34 42
0 1 3 6 18 20 30 37 38 42
0 1 3 7 10 15 23 30 39 41
0 1 23 31 37 38 39 40 41 42
0 1 2 18 28 37 39 40 41 42
0 1 2 8 11 15 23 25 28 42
0 1 2 7 11 14 19 25 28 42
0 1 2 6 8 11 19 25 28 42
0 1 4 12 20 30 37 38 40 41
0 1 6 11 14 15 21 27 40 41
0 1 2 10 12 15 32 35 39 41
0 1 2 6 7 14 24 26 38 41
0 1 3 5 14 21 29 34 37 41